[
  {
    "entity": "power_socket",
    "obb": {
      "center": [
        0.29010780921715135,
        0.22448586320687025,
        0.5260784074937056
      ],
      "extent": [
        0.020601432680719182,
        0.018,
        0.006
      ],
      "rotation": [
        [
          -0.10603477779172563,
          0.9941381238627504,
          -0.0211191046521888
        ],
        [
          -0.0022398591318208766,
          0.020999990770943236,
          0.9997769668374491
        ],
        [
          0.9943598990957595,
          0.10605843233930545,
          0.0
        ]
      ]
    }
  },
  {
    "entity": "ethernet_socket",
    "obb": {
      "center": [
        0.2886416728617074,
        0.22936902715732166,
        0.7555420561540905
      ],
      "extent": [
        0.010422515636104567,
        0.013,
        0.006
      ],
      "rotation": [
        [
          -0.10603477779172563,
          0.9941381238627504,
          -0.0211191046521888
        ],
        [
          -0.0022398591318208766,
          0.020999990770943236,
          0.9997769668374491
        ],
        [
          0.9943598990957595,
          0.10605843233930545,
          0.0
        ]
      ]
    }
  },
  {
    "entity": "vga_socket",
    "obb": {
      "center": [
        0.2705872670572366,
        0.22498007827554237,
        0.8381869122427583
      ],
      "extent": [
        0.021534350926357054,
        0.007643710931525655,
        0.006
      ],
      "rotation": [
        [
          -0.10603477779172563,
          0.9941381238627504,
          -0.0211191046521888
        ],
        [
          -0.0022398591318208766,
          0.020999990770943236,
          0.9997769668374491
        ],
        [
          0.9943598990957595,
          0.10605843233930545,
          0.0
        ]
      ]
    }
  }
]